Rotation: 0.999998 0.000527 -0.002067 -0.000530 0.999999 -0.001155 0.002066 0.001156 0.999997 | Translation: -0.046903 -0.028399 0.858694
Rotation: 0.999998 0.000524 -0.002064 -0.000526 0.999999 -0.001154 0.002063 0.001155 0.999997 | Translation: -0.045054 -0.027395 0.857713
Rotation: 0.999998 0.000522 -0.002066 -0.000525 0.999999 -0.001157 0.002065 0.001158 0.999997 | Translation: -0.043324 -0.026461 0.858953
Rotation: 0.999998 0.000519 -0.002063 -0.000522 0.999999 -0.001156 0.002063 0.001157 0.999997 | Translation: -0.041486 -0.025458 0.858080
Rotation: 0.999998 0.000517 -0.002065 -0.000520 0.999999 -0.001159 0.002065 0.001160 0.999997 | Translation: -0.039749 -0.024515 0.859215
Rotation: 0.999998 0.000514 -0.002062 -0.000517 0.999999 -0.001158 0.002062 0.001159 0.999997 | Translation: -0.037915 -0.023510 0.858312
Rotation: 0.999998 0.000512 -0.002065 -0.000515 0.999999 -0.001161 0.002064 0.001162 0.999997 | Translation: -0.036181 -0.022564 0.859583
Rotation: 0.999998 0.000509 -0.002061 -0.000512 0.999999 -0.001160 0.002061 0.001161 0.999997 | Translation: -0.034351 -0.021557 0.858624
Rotation: 0.999998 0.000507 -0.002063 -0.000510 0.999999 -0.001162 0.002063 0.001163 0.999997 | Translation: -0.032603 -0.020598 0.859615
Rotation: 0.999998 0.000505 -0.002063 -0.000507 0.999999 -0.001164 0.002063 0.001165 0.999997 | Translation: -0.030831 -0.019621 0.860040
Rotation: 0.999998 0.000501 -0.002059 -0.000504 0.999999 -0.001163 0.002059 0.001164 0.999997 | Translation: -0.028997 -0.018604 0.858708
Rotation: 0.999998 0.000500 -0.002062 -0.000502 0.999999 -0.001165 0.002062 0.001166 0.999997 | Translation: -0.027262 -0.017646 0.860139
Rotation: 0.999998 0.000497 -0.002061 -0.000500 0.999999 -0.001166 0.002061 0.001167 0.999997 | Translation: -0.025478 -0.016656 0.860195
Rotation: 0.999998 0.000621 -0.002069 -0.000624 0.999999 -0.001254 0.002069 0.001255 0.999997 | Translation: -0.023579 -0.014864 0.859597
Rotation: 0.999997 -0.001432 -0.001897 0.001432 0.999999 0.000170 0.001897 -0.000173 0.999998 | Translation: -0.023454 -0.027622 0.855438
Rotation: 0.999995 0.002284 -0.002212 -0.002289 0.999995 -0.002421 0.002206 0.002426 0.999995 | Translation: -0.018514 -0.000545 0.864456
Rotation: 0.999998 0.000893 -0.001657 -0.000897 0.999996 -0.002634 0.001655 0.002635 0.999995 | Translation: -0.026269 0.005419 0.871304
Rotation: 0.999991 0.003695 -0.001939 -0.003699 0.999991 -0.002051 0.001931 0.002058 0.999996 | Translation: -0.025327 -0.004447 0.881907
Rotation: 0.999998 0.001197 -0.001323 -0.001197 0.999999 0.000307 0.001323 -0.000306 0.999999 | Translation: -0.031525 -0.036744 0.890819
Rotation: 0.999999 -0.000198 -0.001588 0.000201 0.999999 0.001713 0.001588 -0.001713 0.999997 | Translation: -0.027741 -0.059740 0.900108
Rotation: 0.999999 0.000259 -0.001496 -0.000257 0.999999 0.001473 0.001497 -0.001472 0.999998 | Translation: -0.024682 -0.056563 0.904845
Rotation: 0.999999 -0.000442 -0.001186 0.000443 1.000000 0.000502 0.001186 -0.000502 0.999999 | Translation: -0.033382 -0.038169 0.911839
Rotation: 0.999998 0.000246 -0.001760 -0.000247 1.000000 -0.000634 0.001760 0.000635 0.999998 | Translation: -0.018644 -0.018049 0.915427
Rotation: 0.999998 -0.001710 -0.001104 0.001708 0.999998 -0.001127 0.001106 0.001125 0.999999 | Translation: -0.032260 -0.006008 0.918473
Rotation: 1.000000 -0.000223 -0.000767 0.000225 0.999999 0.001604 0.000767 -0.001604 0.999998 | Translation: -0.036555 -0.062953 0.926550
Rotation: 0.999999 0.001705 0.000034 -0.001705 0.999991 0.003858 -0.000027 -0.003858 0.999993 | Translation: -0.056021 -0.118079 0.931219
Rotation: 0.999999 0.000783 0.000867 -0.000786 0.999993 0.003656 -0.000864 -0.003656 0.999993 | Translation: -0.073188 -0.116763 0.931482
Rotation: 0.999998 -0.000956 0.001450 0.000953 0.999996 0.002606 -0.001452 -0.002605 0.999995 | Translation: -0.086036 -0.088487 0.938323
Rotation: 0.999999 -0.000213 0.001452 0.000211 0.999999 0.001187 -0.001452 -0.001187 0.999998 | Translation: -0.086858 -0.053662 0.942247
Rotation: 0.999999 0.000234 0.001153 -0.000231 0.999997 -0.002585 -0.001154 0.002585 0.999996 | Translation: -0.079727 0.041248 0.948399
Rotation: 0.999999 0.001005 0.000890 -0.001000 0.999985 -0.005329 -0.000895 0.005328 0.999985 | Translation: -0.073724 0.113058 0.955253
Rotation: 0.999999 -0.000723 0.001179 0.000727 0.999994 -0.003501 -0.001177 0.003502 0.999993 | Translation: -0.081604 0.069087 0.959909
Rotation: 0.999997 -0.002430 0.000683 0.002429 0.999996 0.001303 -0.000686 -0.001301 0.999999 | Translation: -0.068500 -0.063363 0.966010
Rotation: 0.999999 -0.001702 -0.000187 0.001702 0.999986 0.004963 0.000179 -0.004964 0.999988 | Translation: -0.043725 -0.171542 0.971373
Rotation: 0.999994 -0.003236 -0.000949 0.003240 0.999986 0.004187 0.000935 -0.004190 0.999991 | Translation: -0.022274 -0.149768 0.976988
Rotation: 0.999970 -0.007668 -0.001149 0.007668 0.999971 -0.000071 0.001149 0.000063 0.999999 | Translation: -0.011854 -0.009125 0.981561
Rotation: 0.999994 -0.003039 -0.001640 0.003033 0.999988 -0.003811 0.001652 0.003806 0.999991 | Translation: 0.003061 0.105253 0.986316
Rotation: 0.999999 0.000838 -0.001528 -0.000845 0.999990 -0.004428 0.001524 0.004430 0.999989 | Translation: -0.003005 0.117857 0.991727
Rotation: 0.999998 0.000609 -0.001887 -0.000611 0.999999 -0.001301 0.001886 0.001302 0.999997 | Translation: 0.006308 0.001646 1.015798
Rotation: 0.999999 -0.000044 -0.001071 0.000046 0.999998 0.002142 0.001071 -0.002142 0.999997 | Translation: -0.026178 -0.140276 1.056285
Rotation: 0.999994 0.003343 -0.000967 -0.003340 0.999990 0.002978 0.000977 -0.002975 0.999995 | Translation: -0.028186 -0.170371 1.039563
Rotation: 0.999999 0.000259 -0.001290 -0.000257 0.999999 0.000978 0.001291 -0.000977 0.999999 | Translation: -0.017227 -0.092295 1.044498
Rotation: 0.999999 0.000891 -0.000981 -0.000889 0.999997 0.002266 0.000983 -0.002265 0.999997 | Translation: -0.025094 -0.133149 1.031392
Rotation: 1.000000 -0.000391 -0.000056 0.000391 0.999992 0.003849 0.000055 -0.003849 0.999993 | Translation: -0.063446 -0.195091 1.030121
Rotation: 0.999982 0.005980 -0.000418 -0.005979 0.999981 0.001424 0.000427 -0.001422 0.999999 | Translation: -0.048590 -0.105013 1.021589
Rotation: 1.000000 0.000485 0.000089 -0.000485 1.000000 0.000281 -0.000089 -0.000281 1.000000 | Translation: -0.072796 -0.046732 1.021310
Rotation: 1.000000 -0.000275 -0.000158 0.000275 0.999998 -0.001769 0.000159 0.001769 0.999998 | Translation: -0.059156 0.047207 1.013022
Rotation: 0.999997 0.002305 0.000236 -0.002305 0.999993 -0.002935 -0.000243 0.002935 0.999996 | Translation: -0.077523 0.088920 1.008844
Rotation: 1.000000 -0.000165 -0.000977 0.000165 1.000000 -0.000097 0.000977 0.000096 1.000000 | Translation: -0.020833 -0.032306 1.003563
Rotation: 0.999997 -0.001932 -0.001323 0.001934 0.999997 0.001653 0.001320 -0.001655 0.999998 | Translation: -0.004544 -0.104214 1.000166
Rotation: 1.000000 0.000205 -0.000865 -0.000204 1.000000 0.001007 0.000866 -0.001007 0.999999 | Translation: -0.026385 -0.083553 0.995457
Rotation: 0.999996 0.002771 -0.000265 -0.002771 0.999993 -0.002322 0.000258 0.002322 0.999997 | Translation: -0.054784 0.068208 0.990428
Rotation: 1.000000 0.000415 -0.000788 -0.000419 0.999985 -0.005458 0.000785 0.005458 0.999985 | Translation: -0.031585 0.230833 0.989464
Rotation: 1.000000 0.000418 -0.000467 -0.000418 1.000000 -0.000816 0.000467 0.000816 0.999999 | Translation: -0.042732 0.007835 0.984482
Rotation: 1.000000 -0.000376 -0.000279 0.000377 0.999994 0.003287 0.000278 -0.003287 0.999995 | Translation: -0.051054 -0.202727 0.976126
Rotation: 0.999996 -0.002699 -0.000321 0.002700 0.999991 0.003254 0.000312 -0.003254 0.999995 | Translation: -0.051611 -0.191777 0.972027
Rotation: 0.999999 -0.001215 -0.000291 0.001215 0.999999 0.000931 0.000290 -0.000931 1.000000 | Translation: -0.051257 -0.076188 0.969205
Rotation: 0.999995 -0.003064 -0.000216 0.003064 0.999995 -0.000712 0.000218 0.000711 1.000000 | Translation: -0.055422 0.019296 0.965062
Rotation: 0.999994 -0.003424 -0.000586 0.003423 0.999993 -0.001590 0.000592 0.001588 0.999999 | Translation: -0.031759 0.069359 0.968655
Rotation: 0.999998 -0.001432 -0.001223 0.001434 0.999998 0.001000 0.001222 -0.001002 0.999999 | Translation: 0.002928 -0.078095 0.960758
Rotation: 0.999995 -0.002781 -0.001131 0.002786 0.999986 0.004462 0.001118 -0.004465 0.999989 | Translation: -0.002207 -0.266609 0.957872
Rotation: 0.999999 -0.001579 -0.000502 0.001582 0.999983 0.005655 0.000493 -0.005656 0.999984 | Translation: -0.041753 -0.337333 0.953116
Rotation: 0.999999 0.001557 -0.000549 -0.001556 0.999997 0.001923 0.000552 -0.001922 0.999998 | Translation: -0.037285 -0.136594 0.949656
Rotation: 0.999998 0.001485 -0.001517 -0.001488 0.999996 -0.002374 0.001513 0.002377 0.999996 | Translation: 0.024870 0.113240 0.951177
Rotation: 0.999998 0.001157 -0.001525 -0.001170 0.999963 -0.008568 0.001515 0.008570 0.999962 | Translation: 0.031440 0.487816 0.949740
Rotation: 0.999999 0.000812 -0.001107 -0.000819 0.999983 -0.005731 0.001102 0.005732 0.999983 | Translation: 0.007660 0.319507 0.931710
Rotation: 0.999986 0.005182 -0.001198 -0.005181 0.999986 0.000436 0.001200 -0.000429 0.999999 | Translation: 0.012173 -0.075175 0.914074
Rotation: 0.999994 0.003299 -0.000787 -0.003297 0.999991 0.002699 0.000796 -0.002697 0.999996 | Translation: -0.011567 -0.216291 0.896064
Rotation: 0.999995 0.002777 -0.001314 -0.002775 0.999995 0.001578 0.001318 -0.001574 0.999998 | Translation: 0.021037 -0.144607 0.884546
Rotation: 0.999999 0.000102 -0.001243 -0.000103 1.000000 -0.000885 0.001243 0.000885 0.999999 | Translation: 0.015011 0.028388 0.875700
Rotation: 0.999998 0.001507 -0.001610 -0.001506 0.999999 0.000792 0.001611 -0.000789 0.999998 | Translation: 0.040424 -0.085483 0.859710
Rotation: 0.999998 0.001363 -0.001469 -0.001362 0.999999 0.000565 0.001470 -0.000563 0.999999 | Translation: 0.032741 -0.072467 0.847704
Rotation: 0.999999 -0.000201 -0.001611 0.000203 0.999999 0.001039 0.001610 -0.001040 0.999998 | Translation: 0.042325 -0.096609 0.833164
Rotation: 0.999999 -0.000390 -0.001446 0.000391 1.000000 0.000764 0.001446 -0.000764 0.999999 | Translation: 0.032721 -0.075328 0.821069
Rotation: 0.999996 0.002344 -0.001345 -0.002341 0.999995 0.002061 0.001350 -0.002057 0.999997 | Translation: 0.029878 -0.176480 0.805539
Rotation: 0.999998 0.001878 -0.001068 -0.001873 0.999988 0.004544 0.001077 -0.004542 0.999989 | Translation: 0.009867 -0.346520 0.788675
Rotation: 0.999995 0.002519 -0.001834 -0.002516 0.999996 0.001564 0.001838 -0.001559 0.999997 | Translation: 0.071604 -0.147213 0.781008
Rotation: 0.999994 0.003034 -0.001625 -0.003040 0.999989 -0.003459 0.001614 0.003464 0.999993 | Translation: 0.053582 0.206326 0.768833
Rotation: 0.999999 0.000521 -0.001398 -0.000531 0.999971 -0.007597 0.001394 0.007598 0.999970 | Translation: 0.036609 0.517146 0.757100
Rotation: 0.999998 -0.001173 -0.001711 0.001163 0.999983 -0.005633 0.001718 0.005631 0.999983 | Translation: 0.057531 0.391904 0.735434
Rotation: 1.000000 0.000724 -0.000430 -0.000725 0.999997 -0.002223 0.000429 0.002223 0.999997 | Translation: -0.031785 0.133421 0.702330
Rotation: 0.999997 0.002454 -0.000651 -0.002452 0.999992 0.003235 0.000659 -0.003233 0.999995 | Translation: -0.011953 -0.282243 0.671632
Rotation: 0.999999 0.001280 -0.001180 -0.001276 0.999993 0.003391 0.001184 -0.003390 0.999994 | Translation: 0.029730 -0.295623 0.653671
Rotation: 0.999994 -0.003143 -0.001449 0.003139 0.999991 -0.002880 0.001458 0.002875 0.999995 | Translation: 0.047040 0.201928 0.645544
Rotation: 0.999969 -0.007873 -0.000272 0.007872 0.999960 -0.004236 0.000305 0.004234 0.999991 | Translation: -0.045348 0.332112 0.624824
Rotation: 0.999989 -0.004607 0.000631 0.004611 0.999975 -0.005366 -0.000606 0.005369 0.999985 | Translation: -0.108544 0.403283 0.606004
Rotation: 0.999994 0.001599 0.002996 -0.001597 0.999998 -0.000694 -0.002997 0.000690 0.999995 | Translation: -0.280750 0.016441 0.568478
Rotation: 0.999976 0.005495 0.004106 -0.005507 0.999981 0.002703 -0.004091 -0.002725 0.999988 | Translation: -0.359259 -0.268067 0.542411
Rotation: 0.999989 -0.001158 0.004537 0.001144 0.999994 0.003153 -0.004541 -0.003147 0.999985 | Translation: -0.400359 -0.267788 0.524543
Rotation: 0.999976 -0.004578 0.005230 0.004555 0.999981 0.004250 -0.005249 -0.004226 0.999977 | Translation: -0.451869 -0.339958 0.506198
Rotation: 0.999960 -0.004396 0.007755 0.004359 0.999980 0.004656 -0.007775 -0.004622 0.999959 | Translation: -0.653025 -0.375727 0.481266
Rotation: 0.999941 0.002696 0.010487 -0.002686 0.999996 -0.000960 -0.010489 0.000932 0.999945 | Translation: -0.858021 0.039783 0.464150
Rotation: 0.999874 0.005404 0.014947 -0.005393 0.999985 -0.000777 -0.014951 0.000696 0.999888 | Translation: -1.217849 0.012826 0.433926
Rotation: 0.999828 0.004925 0.017898 -0.004930 0.999988 0.000215 -0.017896 -0.000303 0.999840 | Translation: -1.452918 -0.063611 0.405942
Rotation: 0.999766 -0.001660 0.021554 0.001654 0.999999 0.000258 -0.021554 -0.000222 0.999768 | Translation: -1.753144 -0.030165 0.379350
Rotation: 0.999671 -0.003989 0.025325 0.003971 0.999992 0.000735 -0.025328 -0.000635 0.999679 | Translation: -2.062818 -0.059043 0.350841
Rotation: 0.999579 -0.001713 0.028974 0.001676 0.999998 0.001307 -0.028977 -0.001258 0.999579 | Translation: -2.355177 -0.117862 0.332764
Rotation: 0.999470 -0.000746 0.032540 0.000705 0.999999 0.001270 -0.032541 -0.001246 0.999470 | Translation: -2.648034 -0.119497 0.318491
Rotation: 0.999334 -0.000490 0.036483 0.000472 1.000000 0.000524 -0.036483 -0.000506 0.999334 | Translation: -2.973390 -0.057478 0.298595
Rotation: 0.999151 -0.000162 0.041191 0.000177 1.000000 -0.000362 -0.041191 0.000369 0.999151 | Translation: -3.365137 0.016988 0.293180
Rotation: 0.998987 -0.000599 0.045004 0.000615 1.000000 -0.000349 -0.045004 0.000377 0.998987 | Translation: -3.683830 0.016278 0.279768
Rotation: 0.998811 0.001726 0.048719 -0.001652 0.999997 -0.001560 -0.048721 0.001478 0.998811 | Translation: -3.992151 0.104707 0.259871
Rotation: 0.998542 0.000485 0.053977 -0.000325 0.999996 -0.002961 -0.053979 0.002939 0.998538 | Translation: -4.438104 0.231824 0.264002
Rotation: 0.998348 -0.000444 0.057450 0.000584 0.999997 -0.002421 -0.057449 0.002451 0.998345 | Translation: -4.738046 0.194950 0.241172
Rotation: 0.998163 -0.000037 0.060579 0.000169 0.999998 -0.002177 -0.060579 0.002183 0.998161 | Translation: -5.002750 0.176035 0.248017
Rotation: 0.998017 -0.000463 0.062947 0.000640 0.999996 -0.002783 -0.062945 0.002818 0.998013 | Translation: -5.209386 0.231011 0.245649
Rotation: 0.997925 -0.002579 0.064331 0.002826 0.999989 -0.003756 -0.064320 0.003930 0.997922 | Translation: -5.334680 0.323367 0.226819
Rotation: 0.997938 -0.001505 0.064169 0.001632 0.999997 -0.001929 -0.064166 0.002030 0.997937 | Translation: -5.319422 0.156232 0.234095
Rotation: 0.997969 -0.002798 0.063639 0.002820 0.999996 -0.000258 -0.063639 0.000436 0.997973 | Translation: -5.280464 0.016771 0.211402
Rotation: 0.998007 -0.001647 0.063079 0.001519 0.999997 0.002084 -0.063082 -0.001984 0.998006 | Translation: -5.223278 -0.188521 0.220515
Rotation: 0.998071 -0.002081 0.062055 0.002115 0.999998 -0.000476 -0.062054 0.000606 0.998073 | Translation: -5.137827 0.037735 0.221921
Rotation: 0.998157 -0.002111 0.060651 0.002329 0.999991 -0.003522 -0.060643 0.003656 0.998153 | Translation: -5.012007 0.306402 0.209425
Rotation: 0.998319 -0.004029 0.057826 0.004367 0.999974 -0.005725 -0.057801 0.005968 0.998310 | Translation: -4.770307 0.502881 0.220878
Rotation: 0.998459 0.000303 0.055487 -0.000312 1.000000 0.000164 -0.055487 -0.000181 0.998459 | Translation: -4.558627 -0.028048 0.188273
Rotation: 0.998521 0.001859 0.054338 -0.002033 0.999993 0.003142 -0.054331 -0.003248 0.998518 | Translation: -4.451334 -0.291517 0.197286
Rotation: 0.998726 0.000934 0.050462 -0.000921 1.000000 -0.000272 -0.050462 0.000225 0.998726 | Translation: -4.110049 0.012357 0.194195
Rotation: 0.998934 -0.002569 0.046093 0.002863 0.999976 -0.006305 -0.046076 0.006430 0.998917 | Translation: -3.733645 0.552916 0.185141
Rotation: 0.999095 -0.009141 0.041546 0.009701 0.999865 -0.013280 -0.041419 0.013671 0.999048 | Translation: -3.338953 1.178357 0.200837
Rotation: 0.999307 -0.005005 0.036891 0.005166 0.999978 -0.004265 -0.036869 0.004452 0.999310 | Translation: -2.918456 0.373059 0.163150
Rotation: 0.999410 0.001994 0.034283 -0.002025 0.999998 0.000883 -0.034281 -0.000952 0.999412 | Translation: -2.668078 -0.088140 0.152341
Rotation: 0.999459 0.006518 0.032247 -0.006829 0.999931 0.009537 -0.032182 -0.009752 0.999434 | Translation: -2.475141 -0.862921 0.143113
Rotation: 0.999562 0.003685 0.029379 -0.003820 0.999982 0.004567 -0.029361 -0.004677 0.999558 | Translation: -2.222492 -0.423887 0.140884
Rotation: 0.999660 0.001262 0.026042 -0.001217 0.999998 -0.001713 -0.026044 0.001681 0.999659 | Translation: -1.920338 0.138478 0.139729
Rotation: 0.999719 0.000077 0.023719 0.000085 0.999977 -0.006828 -0.023719 0.006829 0.999695 | Translation: -1.708932 0.597290 0.145028
Rotation: 0.999780 0.005311 0.020266 -0.005107 0.999936 -0.010127 -0.020319 0.010021 0.999743 | Translation: -1.370697 0.917871 0.143466
Rotation: 0.999776 0.007177 0.019893 -0.007099 0.999967 -0.004004 -0.019921 0.003862 0.999794 | Translation: -1.327044 0.375748 0.130817
Rotation: 0.999841 0.000537 0.017847 -0.000577 0.999997 0.002232 -0.017845 -0.002242 0.999838 | Translation: -1.146583 -0.211675 0.115590
Rotation: 0.999866 -0.005579 0.015418 0.005527 0.999979 0.003400 -0.015436 -0.003314 0.999875 | Translation: -0.931735 -0.346501 0.103348
Rotation: 0.999884 -0.004240 0.014610 0.004236 0.999991 0.000282 -0.014611 -0.000220 0.999893 | Translation: -0.847663 -0.064596 0.102788
Rotation: 0.999907 -0.002784 0.013387 0.002814 0.999994 -0.002187 -0.013381 0.002225 0.999908 | Translation: -0.720918 0.163695 0.102806
Rotation: 0.999929 -0.001519 0.011840 0.001565 0.999991 -0.003876 -0.011834 0.003894 0.999922 | Translation: -0.567791 0.323478 0.098478
Rotation: 0.999946 0.000162 0.010359 -0.000126 0.999994 -0.003458 -0.010360 0.003457 0.999940 | Translation: -0.412860 0.293427 0.091103
Rotation: 0.999964 0.000235 0.008449 -0.000215 0.999997 -0.002316 -0.008449 0.002315 0.999962 | Translation: -0.226151 0.190833 0.078911
Rotation: 0.999982 -0.000071 0.006019 0.000082 0.999998 -0.001835 -0.006018 0.001836 0.999980 | Translation: 0.006143 0.146928 0.063571
Rotation: 0.999983 0.000857 0.005838 -0.000848 0.999998 -0.001604 -0.005839 0.001600 0.999982 | Translation: 0.043369 0.134620 0.065016
Rotation: 0.999980 0.000644 0.006336 -0.000640 1.000000 -0.000502 -0.006336 0.000498 0.999980 | Translation: 0.018054 0.035531 0.068059
Rotation: 0.999989 -0.000273 0.004644 0.000284 0.999997 -0.002461 -0.004644 0.002462 0.999986 | Translation: 0.185561 0.201466 0.061521
Rotation: 0.999994 -0.000383 0.003435 0.000389 0.999998 -0.001714 -0.003434 0.001715 0.999993 | Translation: 0.309957 0.134249 0.042957
Rotation: 0.999994 -0.000572 0.003445 0.000576 0.999999 -0.001086 -0.003445 0.001088 0.999994 | Translation: 0.328560 0.073967 0.045575
Rotation: 0.999995 -0.000794 0.003152 0.000799 0.999999 -0.001513 -0.003150 0.001515 0.999994 | Translation: 0.369347 0.110314 0.040363
Rotation: 0.999999 -0.000432 0.001212 0.000438 0.999989 -0.004657 -0.001210 0.004658 0.999988 | Translation: 0.563581 0.395577 0.032115
Rotation: 1.000000 -0.000353 -0.000222 0.000352 0.999992 -0.003977 0.000223 0.003976 0.999992 | Translation: 0.704895 0.336326 0.010798
Rotation: 0.999998 -0.000047 -0.001840 0.000044 0.999998 -0.001848 0.001841 0.001848 0.999997 | Translation: 0.872261 0.147114 -0.008319
Rotation: 0.999995 0.000449 -0.003210 -0.000457 0.999997 -0.002434 0.003209 0.002435 0.999992 | Translation: 1.012788 0.204477 -0.020304
Rotation: 0.999993 0.000115 -0.003745 -0.000118 1.000000 -0.000773 0.003745 0.000773 0.999993 | Translation: 1.075532 0.050420 -0.033461
Rotation: 0.999991 -0.001610 -0.003908 0.001605 0.999998 -0.001329 0.003910 0.001323 0.999991 | Translation: 1.103807 0.071159 -0.026291
Rotation: 0.999991 -0.001222 -0.003956 0.001223 0.999999 0.000155 0.003956 -0.000160 0.999992 | Translation: 1.121981 -0.058387 -0.030272
Rotation: 0.999990 -0.001867 -0.004091 0.001879 0.999994 0.002894 0.004086 -0.002902 0.999988 | Translation: 1.147659 -0.313994 -0.035701
Rotation: 0.999992 -0.000818 -0.004034 0.000822 0.999999 0.001095 0.004033 -0.001098 0.999991 | Translation: 1.153740 -0.135837 -0.029762
Rotation: 0.999992 0.001103 -0.003915 -0.001094 0.999996 0.002461 0.003918 -0.002457 0.999989 | Translation: 1.157896 -0.228968 -0.030195
Rotation: 0.999989 0.003587 -0.003114 -0.003582 0.999992 0.001835 0.003121 -0.001824 0.999994 | Translation: 1.096971 -0.130538 -0.013460
Rotation: 0.999980 0.006335 -0.000831 -0.006331 0.999967 0.005155 0.000863 -0.005149 0.999986 | Translation: 0.906966 -0.375540 0.020213
Rotation: 0.999995 0.003036 0.000567 -0.003037 0.999992 0.002391 -0.000560 -0.002393 0.999997 | Translation: 0.774182 -0.186034 0.051747
Rotation: 1.000000 0.000085 -0.000013 -0.000085 0.999997 0.002431 0.000013 -0.002431 0.999997 | Translation: 0.819054 -0.256006 0.040407
Rotation: 0.999997 -0.002638 0.000106 0.002637 0.999992 0.003020 -0.000114 -0.003020 0.999995 | Translation: 0.798334 -0.370129 0.041565
Rotation: 1.000000 -0.000618 0.000117 0.000618 0.999999 -0.000847 -0.000117 0.000847 1.000000 | Translation: 0.804005 0.023476 0.050898
Rotation: 0.999999 -0.001104 -0.000162 0.001105 0.999997 0.002380 0.000159 -0.002380 0.999997 | Translation: 0.827437 -0.280128 0.033342
Rotation: 1.000000 0.000023 0.000377 -0.000024 0.999999 0.001696 -0.000377 -0.001696 0.999998 | Translation: 0.781207 -0.195710 0.046004
Rotation: 1.000000 0.000854 0.000019 -0.000854 0.999997 0.002476 -0.000016 -0.002476 0.999997 | Translation: 0.813512 -0.242289 0.038478
Rotation: 0.999998 0.001199 0.001447 -0.001204 0.999995 0.002906 -0.001444 -0.002907 0.999995 | Translation: 0.684546 -0.271034 0.072067
Rotation: 0.999996 -0.000031 0.002823 0.000023 0.999996 0.002860 -0.002823 -0.002860 0.999992 | Translation: 0.556011 -0.298581 0.109595
Rotation: 0.999991 -0.001468 0.003961 0.001458 0.999995 0.002714 -0.003965 -0.002708 0.999988 | Translation: 0.445711 -0.324236 0.138772
Rotation: 0.999984 -0.002689 0.004932 0.002678 0.999994 0.002247 -0.004938 -0.002234 0.999985 | Translation: 0.354829 -0.318237 0.168027
Rotation: 0.999977 -0.002591 0.006277 0.002577 0.999994 0.002236 -0.006283 -0.002220 0.999978 | Translation: 0.233113 -0.314842 0.203827
Rotation: 0.999972 -0.000260 0.007550 0.000256 1.000000 0.000529 -0.007550 -0.000527 0.999971 | Translation: 0.122812 -0.092199 0.244218
Rotation: 0.999960 0.000747 0.008875 -0.000752 1.000000 0.000480 -0.008874 -0.000486 0.999961 | Translation: 0.002170 -0.055179 0.284450
Rotation: 0.999949 0.000461 0.010118 -0.000455 1.000000 -0.000613 -0.010119 0.000608 0.999949 | Translation: -0.111972 0.036117 0.323889
Rotation: 0.999947 -0.001217 0.010226 0.001229 0.999999 -0.001129 -0.010224 0.001141 0.999947 | Translation: -0.132612 0.028746 0.330576
Rotation: 0.999940 -0.001851 0.010789 0.001840 0.999998 0.001019 -0.010791 -0.000999 0.999941 | Translation: -0.191631 -0.186743 0.342442
Rotation: 0.999937 -0.001036 0.011154 0.001051 0.999998 -0.001392 -0.011153 0.001403 0.999937 | Translation: -0.221306 0.061240 0.361782
Rotation: 0.999938 -0.000351 0.011143 0.000356 1.000000 -0.000416 -0.011143 0.000420 0.999938 | Translation: -0.222394 -0.004178 0.357164
Rotation: 0.999938 0.000268 0.011137 -0.000265 1.000000 -0.000207 -0.011137 0.000204 0.999938 | Translation: -0.226067 -0.002235 0.357954
Rotation: 0.999941 0.000769 0.010813 -0.000772 1.000000 0.000277 -0.010813 -0.000286 0.999941 | Translation: -0.198438 -0.026716 0.344582
Rotation: 0.999946 0.000694 0.010372 -0.000685 0.999999 -0.000809 -0.010372 0.000802 0.999946 | Translation: -0.165721 0.069888 0.332998
Rotation: 0.999953 0.000437 0.009629 -0.000428 0.999999 -0.000887 -0.009629 0.000883 0.999953 | Translation: -0.107835 0.067359 0.305554
Rotation: 0.999953 0.000107 0.009677 -0.000100 1.000000 -0.000689 -0.009677 0.000688 0.999953 | Translation: -0.120837 0.036094 0.304984
Rotation: 0.999954 -0.000220 0.009568 0.000226 1.000000 -0.000632 -0.009568 0.000634 0.999954 | Translation: -0.119657 0.020151 0.304300
Rotation: 0.999962 -0.000525 0.008658 0.000538 0.999999 -0.001512 -0.008658 0.001517 0.999961 | Translation: -0.046597 0.086154 0.269555
Rotation: 0.999972 -0.001559 0.007377 0.001572 0.999997 -0.001764 -0.007374 0.001775 0.999971 | Translation: 0.056265 0.067150 0.220059
Rotation: 0.999984 -0.001648 0.005324 0.001664 0.999994 -0.003014 -0.005319 0.003023 0.999981 | Translation: 0.231245 0.173277 0.142131
Rotation: 0.999991 -0.001916 0.003880 0.001929 0.999993 -0.003277 -0.003873 0.003284 0.999987 | Translation: 0.354108 0.189027 0.084622
Rotation: 0.999995 -0.001353 0.002822 0.001358 0.999997 -0.001898 -0.002819 0.001902 0.999994 | Translation: 0.440147 0.089211 0.037447
Rotation: 0.999998 -0.000804 0.001809 0.000805 0.999999 -0.000575 -0.001809 0.000577 0.999998 | Translation: 0.518763 -0.006337 -0.008388
Rotation: 0.999999 0.000071 0.001002 -0.000071 1.000000 -0.000422 -0.001002 0.000422 0.999999 | Translation: 0.582275 0.018809 -0.041815
Rotation: 0.999999 0.001230 -0.000704 -0.001231 0.999999 -0.000910 0.000702 0.000911 0.999999 | Translation: 0.722782 0.114630 -0.113180
Rotation: 0.999996 0.001383 -0.002663 -0.001386 0.999998 -0.001006 0.002661 0.001009 0.999996 | Translation: 0.882923 0.131083 -0.196934
Rotation: 0.999987 0.001019 -0.004919 -0.001018 1.000000 0.000070 0.004919 -0.000065 0.999988 | Translation: 1.065007 0.018618 -0.297207
Rotation: 0.999972 0.000855 -0.007423 -0.000849 0.999999 0.000806 0.007424 -0.000799 0.999972 | Translation: 1.269804 -0.054791 -0.408932
Rotation: 0.999940 0.000748 -0.010920 -0.000736 0.999999 0.001121 0.010921 -0.001113 0.999940 | Translation: 1.563406 -0.088772 -0.566199
Rotation: 0.999909 0.000726 -0.013502 -0.000718 1.000000 0.000563 0.013503 -0.000553 0.999909 | Translation: 1.774749 -0.039641 -0.679470
Rotation: 0.999863 0.001965 -0.016423 -0.001942 0.999997 0.001404 0.016426 -0.001372 0.999864 | Translation: 2.023202 -0.054495 -0.813732
Rotation: 0.999782 0.003592 -0.020576 -0.003559 0.999992 0.001667 0.020581 -0.001593 0.999787 | Translation: 2.397359 -0.003085 -0.999768
Rotation: 0.999707 0.004115 -0.023841 -0.004064 0.999989 0.002191 0.023849 -0.002094 0.999713 | Translation: 2.687029 -0.023278 -1.153238
Rotation: 0.999617 0.002930 -0.027521 -0.002872 0.999994 0.002153 0.027527 -0.002074 0.999619 | Translation: 3.009750 -0.075189 -1.331662
Rotation: 0.999466 0.001120 -0.032656 -0.001055 0.999997 0.002000 0.032658 -0.001964 0.999465 | Translation: 3.466541 -0.152337 -1.565614
Rotation: 0.999295 -0.000852 -0.037523 0.000907 0.999999 0.001454 0.037522 -0.001487 0.999295 | Translation: 3.895709 -0.203335 -1.791684
Rotation: 0.999135 -0.001776 -0.041546 0.001878 0.999995 0.002433 0.041542 -0.002509 0.999134 | Translation: 4.250737 -0.342647 -1.993403
Rotation: 0.998987 -0.002890 -0.044905 0.003054 0.999989 0.003588 0.044894 -0.003721 0.998985 | Translation: 4.549590 -0.507646 -2.145911
Rotation: 0.998821 -0.001517 -0.048519 0.001761 0.999986 0.005001 0.048511 -0.005081 0.998810 | Translation: 4.889882 -0.569413 -2.323104
Rotation: 0.998652 0.000173 -0.051898 0.000057 0.999990 0.004430 0.051898 -0.004427 0.998643 | Translation: 5.192637 -0.430538 -2.492242
Rotation: 0.998412 0.001386 -0.056316 -0.001296 0.999998 0.001639 0.056318 -0.001563 0.998412 | Translation: 5.605335 -0.103515 -2.679824
Rotation: 0.998133 0.002155 -0.061032 -0.002313 0.999994 -0.002527 0.061026 0.002663 0.998133 | Translation: 6.043554 0.324933 -2.887792
Rotation: 0.997904 0.004998 -0.064516 -0.005137 0.999985 -0.001979 0.064505 0.002306 0.997915 | Translation: 6.364620 0.430686 -3.080040
Rotation: 0.997764 0.005699 -0.066589 -0.005940 0.999977 -0.003420 0.066568 0.003808 0.997775 | Translation: 6.565808 0.605020 -3.150116
Rotation: 0.997690 0.006942 -0.067573 -0.006847 0.999975 0.001639 0.067582 -0.001172 0.997713 | Translation: 6.648916 0.203551 -3.244322
Rotation: 0.997668 0.005991 -0.067984 -0.005859 0.999981 0.002142 0.067996 -0.001738 0.997684 | Translation: 6.688524 0.102628 -3.242372
Rotation: 0.997652 0.003746 -0.068386 -0.003721 0.999993 0.000488 0.068387 -0.000232 0.997659 | Translation: 6.715497 0.134802 -3.256863
Rotation: 0.997699 0.001157 -0.067784 -0.001092 0.999999 0.001000 0.067786 -0.000923 0.997699 | Translation: 6.636005 -0.060161 -3.255108
Rotation: 0.997741 -0.000815 -0.067171 0.001160 0.999986 0.005094 0.067166 -0.005161 0.997728 | Translation: 6.574423 -0.565115 -3.220767
Rotation: 0.997749 -0.002111 -0.067026 0.002550 0.999976 0.006465 0.067011 -0.006621 0.997730 | Translation: 6.551878 -0.773282 -3.218779
Rotation: 0.997882 -0.000564 -0.065046 0.000976 0.999980 0.006299 0.065042 -0.006349 0.997862 | Translation: 6.358927 -0.668939 -3.135627
Rotation: 0.998106 -0.001393 -0.061496 0.001814 0.999975 0.006793 0.061485 -0.006891 0.998084 | Translation: 6.024981 -0.761726 -2.935745
Rotation: 0.998417 0.001460 -0.056232 -0.001074 0.999976 0.006896 0.056241 -0.006825 0.998394 | Translation: 5.532725 -0.610641 -2.663576
Rotation: 0.998718 0.002313 -0.050558 -0.002085 0.999988 0.004557 0.050568 -0.004445 0.998711 | Translation: 4.986667 -0.330362 -2.366472
Rotation: 0.999074 0.006535 -0.042520 -0.006285 0.999962 0.006018 0.042558 -0.005746 0.999077 | Translation: 4.236611 -0.221832 -1.926361
Rotation: 0.999295 0.004811 -0.037235 -0.004798 0.999988 0.000442 0.037237 -0.000263 0.999306 | Translation: 3.719257 0.224833 -1.623068
Rotation: 0.999474 0.002572 -0.032316 -0.002559 0.999997 0.000437 0.032317 -0.000354 0.999478 | Translation: 3.243930 0.096492 -1.346149
Rotation: 0.999708 -0.005569 -0.023526 0.005532 0.999983 -0.001647 0.023535 0.001517 0.999722 | Translation: 2.362746 -0.176649 -0.853475
Rotation: 0.999859 -0.002910 -0.016521 0.002912 0.999996 0.000086 0.016520 -0.000134 0.999864 | Translation: 1.699413 -0.195789 -0.466266
Rotation: 0.999909 0.004154 -0.012839 -0.004145 0.999991 0.000747 0.012842 -0.000694 0.999917 | Translation: 1.378782 0.156633 -0.248363
Rotation: 0.999936 0.005557 -0.009848 -0.005540 0.999983 0.001761 0.009857 -0.001706 0.999950 | Translation: 1.098002 0.145782 -0.072623
Rotation: 0.999957 0.007172 -0.005933 -0.007170 0.999974 0.000383 0.005935 -0.000340 0.999982 | Translation: 0.726666 0.367558 0.168041
Rotation: 0.999975 0.006453 -0.002934 -0.006460 0.999976 -0.002471 0.002918 0.002490 0.999993 | Translation: 0.434300 0.602111 0.368850
Rotation: 0.999998 0.001617 -0.000791 -0.001618 0.999997 -0.001642 0.000788 0.001643 0.999998 | Translation: 0.204881 0.233549 0.495876
Rotation: 0.999997 -0.000866 0.002261 0.000874 0.999994 -0.003255 -0.002258 0.003257 0.999992 | Translation: -0.103295 0.249953 0.693856
Rotation: 0.999990 -0.001876 0.003938 0.001906 0.999969 -0.007682 -0.003924 0.007690 0.999963 | Translation: -0.269969 0.636322 0.827526
Rotation: 0.999992 -0.000193 0.004052 0.000215 0.999985 -0.005382 -0.004051 0.005383 0.999977 | Translation: -0.272773 0.507675 0.832872
Rotation: 0.999978 0.004671 0.004707 -0.004680 0.999987 0.001922 -0.004698 -0.001944 0.999987 | Translation: -0.313968 0.056501 0.850146
Rotation: 0.999976 0.003366 0.005987 -0.003394 0.999984 0.004633 -0.005972 -0.004653 0.999971 | Translation: -0.451247 -0.297740 0.922797
Rotation: 0.999983 -0.003141 0.004972 0.003122 0.999988 0.003839 -0.004984 -0.003823 0.999980 | Translation: -0.370284 -0.606712 0.879006
Rotation: 0.999982 -0.004620 0.003865 0.004601 0.999978 0.004858 -0.003887 -0.004840 0.999981 | Translation: -0.260481 -0.801399 0.816730
Rotation: 0.999990 -0.002728 0.003627 0.002713 0.999988 0.004167 -0.003638 -0.004157 0.999985 | Translation: -0.225198 -0.619061 0.819097
Rotation: 0.999985 -0.004448 0.003092 0.004448 0.999990 -0.000160 -0.003091 0.000174 0.999995 | Translation: -0.177847 -0.271743 0.816901
Rotation: 0.999993 -0.003630 0.000419 0.003631 0.999987 -0.003675 -0.000406 0.003676 0.999993 | Translation: 0.109675 0.143445 0.685007
Rotation: 1.000000 -0.000758 -0.000555 0.000754 0.999978 -0.006549 0.000560 0.006548 0.999978 | Translation: 0.225629 0.619781 0.650886
Rotation: 0.999998 0.001749 -0.000923 -0.001756 0.999969 -0.007657 0.000910 0.007659 0.999970 | Translation: 0.277498 0.892019 0.651144
Rotation: 0.999990 0.003829 -0.002349 -0.003838 0.999986 -0.003742 0.002335 0.003751 0.999990 | Translation: 0.443774 0.605415 0.553546
Rotation: 0.999996 -0.001396 -0.002459 0.001406 0.999991 0.004124 0.002453 -0.004127 0.999988 | Translation: 0.431735 -0.555913 0.517970
Rotation: 0.999988 -0.004579 -0.001617 0.004589 0.999968 0.006466 0.001588 -0.006474 0.999978 | Translation: 0.329660 -1.011094 0.572037
Rotation: 0.999997 0.000377 -0.002390 -0.000359 0.999974 0.007251 0.002392 -0.007250 0.999971 | Translation: 0.440255 -0.800136 0.529442
Rotation: 0.999993 0.003286 -0.001836 -0.003286 0.999995 0.000124 0.001836 -0.000118 0.999998 | Translation: 0.394190 0.158746 0.609195
Rotation: 0.999980 0.006102 -0.001882 -0.006108 0.999976 -0.003240 0.001862 0.003252 0.999993 | Translation: 0.415129 0.705477 0.635669
Rotation: 0.999992 0.001057 -0.003969 -0.001078 0.999986 -0.005268 0.003963 0.005272 0.999978 | Translation: 0.625194 0.623808 0.530435
Rotation: 0.999991 -0.000700 -0.004288 0.000686 0.999994 -0.003276 0.004290 0.003273 0.999985 | Translation: 0.654032 0.293664 0.508829
Rotation: 0.999991 -0.001856 -0.003850 0.001860 0.999998 0.001199 0.003847 -0.001206 0.999992 | Translation: 0.602741 -0.283437 0.522296
Rotation: 0.999984 -0.004297 -0.003707 0.004299 0.999991 0.000554 0.003704 -0.000570 0.999993 | Translation: 0.576823 -0.366505 0.542467
Rotation: 0.999997 -0.001492 -0.001815 0.001497 0.999995 0.002720 0.001811 -0.002722 0.999995 | Translation: 0.380247 -0.439425 0.660467
Rotation: 0.999994 -0.003028 -0.001597 0.003032 0.999993 0.002072 0.001591 -0.002076 0.999997 | Translation: 0.348900 -0.459487 0.696740
Rotation: 0.999986 -0.005281 -0.000743 0.005281 0.999986 0.000112 0.000743 -0.000116 1.000000 | Translation: 0.241787 -0.375739 0.761551
Rotation: 1.000000 0.000590 -0.000619 -0.000589 0.999998 0.001643 0.000620 -0.001642 0.999998 | Translation: 0.259536 -0.187547 0.769941
Rotation: 0.999988 0.004881 0.000634 -0.004880 0.999988 -0.000949 -0.000639 0.000946 0.999999 | Translation: 0.135301 0.385677 0.866068
Rotation: 0.999981 0.006121 0.000676 -0.006120 0.999979 -0.001902 -0.000688 0.001898 0.999998 | Translation: 0.139152 0.578459 0.880455
Rotation: 0.999970 0.007720 0.000892 -0.007720 0.999970 0.000166 -0.000891 -0.000172 1.000000 | Translation: 0.125332 0.438143 0.884988
Rotation: 0.999971 0.007000 0.002979 -0.007007 0.999973 0.002317 -0.002962 -0.002337 0.999993 | Translation: -0.129504 0.132461 1.010854
Rotation: 0.999990 0.002834 0.003483 -0.002846 0.999990 0.003330 -0.003474 -0.003340 0.999988 | Translation: -0.213281 -0.257900 1.041246
Rotation: 0.999997 0.000431 0.002500 -0.000429 1.000000 -0.000499 -0.002500 0.000498 0.999997 | Translation: -0.104377 0.050853 1.002058
Rotation: 0.999998 -0.000198 0.001898 0.000205 0.999994 -0.003510 -0.001898 0.003511 0.999992 | Translation: -0.036603 0.382801 0.987016
Rotation: 0.999973 -0.007372 0.000799 0.007372 0.999973 -0.000654 -0.000794 0.000660 1.000000 | Translation: 0.059930 -0.419524 0.910891
Rotation: 0.999978 -0.006645 0.000131 0.006645 0.999976 -0.001910 -0.000118 0.001911 0.999998 | Translation: 0.148943 -0.224506 0.868195
Rotation: 0.999998 -0.001321 0.001488 0.001321 0.999999 -0.000287 -0.001488 0.000289 0.999999 | Translation: 0.007323 -0.083797 0.945732
Rotation: 0.999994 0.003287 0.001219 -0.003290 0.999992 0.002501 -0.001210 -0.002505 0.999996 | Translation: 0.065565 -0.131250 0.913562
Rotation: 0.999999 0.001237 0.001188 -0.001244 0.999982 0.005871 -0.001181 -0.005873 0.999982 | Translation: 0.055304 -0.690637 0.891119
Rotation: 0.999993 0.003379 0.001345 -0.003388 0.999972 0.006645 -0.001323 -0.006649 0.999977 | Translation: 0.051516 -0.658450 0.889672
Rotation: 0.999999 -0.000373 0.001023 0.000379 0.999982 -0.005998 -0.001021 0.005998 0.999982 | Translation: 0.073118 0.701447 0.931335
Rotation: 0.999995 -0.003238 -0.000236 0.003234 0.999880 -0.015146 0.000285 0.015145 0.999885 | Translation: 0.224175 1.693406 0.908840
Rotation: 0.999993 -0.003713 -0.000929 0.003702 0.999927 -0.011471 0.000971 0.011468 0.999934 | Translation: 0.312669 1.197129 0.833500
Rotation: 0.999998 -0.001690 -0.000776 0.001694 0.999985 0.005161 0.000768 -0.005163 0.999986 | Translation: 0.301709 -0.831605 0.740001
Rotation: 0.999981 -0.006202 -0.000735 0.006216 0.999745 0.021708 0.000600 -0.021712 0.999764 | Translation: 0.266021 -3.309666 0.679698
Rotation: 0.999994 -0.003488 -0.000805 0.003502 0.999823 0.018499 0.000741 -0.018501 0.999829 | Translation: 0.291477 -2.724128 0.675946
Rotation: 0.999995 0.002910 -0.000784 -0.002915 0.999976 -0.006236 0.000765 0.006238 0.999980 | Translation: 0.328849 0.999043 0.803573
Rotation: 0.999967 0.007970 -0.001628 -0.007993 0.999864 -0.014427 0.001513 0.014440 0.999895 | Translation: 0.476084 2.448694 0.811661
Rotation: 0.999998 0.001193 -0.001394 -0.001206 0.999956 -0.009279 0.001383 0.009281 0.999956 | Translation: 0.401898 1.311705 0.777155
Rotation: 0.999990 -0.004021 -0.002112 0.004017 0.999990 -0.001956 0.002120 0.001947 0.999996 | Translation: 0.466483 -0.041598 0.674054
Rotation: 0.999996 -0.000261 -0.002655 0.000271 0.999994 0.003548 0.002653 -0.003548 0.999990 | Translation: 0.551729 -0.533892 0.605555
Rotation: 0.999994 -0.000364 -0.003565 0.000358 0.999999 -0.001678 0.003566 0.001677 0.999992 | Translation: 0.673135 0.183720 0.571372
Rotation: 0.999987 0.000672 -0.004989 -0.000682 0.999998 -0.002124 0.004988 0.002128 0.999985 | Translation: 0.878512 0.321460 0.474033
Rotation: 0.999984 0.004736 -0.003028 -0.004728 0.999986 0.002424 0.003039 -0.002410 0.999993 | Translation: 0.631616 -0.041792 0.588725
Rotation: 0.999977 0.006535 -0.001971 -0.006536 0.999978 -0.000719 0.001966 0.000732 0.999998 | Translation: 0.492702 0.523145 0.655444
Rotation: 0.999997 0.001807 -0.001679 -0.001802 0.999993 0.003229 0.001685 -0.003226 0.999993 | Translation: 0.424599 -0.360125 0.662052
Rotation: 0.999997 -0.002020 -0.001306 0.002026 0.999987 0.004613 0.001297 -0.004616 0.999989 | Translation: 0.349181 -0.820251 0.677357
Rotation: 0.999998 -0.001155 -0.001318 0.001155 0.999999 0.000050 0.001318 -0.000052 0.999999 | Translation: 0.355794 -0.117677 0.702388
Rotation: 0.999994 -0.001838 -0.002863 0.001826 0.999990 -0.004135 0.002871 0.004130 0.999987 | Translation: 0.567045 0.433360 0.625334
Rotation: 0.999980 -0.004325 -0.004676 0.004308 0.999984 -0.003735 0.004692 0.003715 0.999982 | Translation: 0.812372 0.210701 0.488662
Rotation: 0.999972 -0.003035 -0.006859 0.003018 0.999992 -0.002427 0.006867 0.002406 0.999974 | Translation: 1.130010 0.108833 0.338322
Rotation: 0.999978 -0.000909 -0.006602 0.000940 0.999988 0.004785 0.006598 -0.004791 0.999967 | Translation: 1.102606 -0.792639 0.310087
Rotation: 0.999980 -0.001907 -0.006014 0.001960 0.999959 0.008832 0.005997 -0.008843 0.999943 | Translation: 1.012028 -1.458152 0.326565
Rotation: 0.999982 -0.004368 -0.003985 0.004401 0.999957 0.008173 0.003949 -0.008191 0.999959 | Translation: 0.690852 -1.529742 0.472341
Rotation: 0.999967 0.007191 -0.003817 -0.007168 0.999958 0.005796 0.003859 -0.005769 0.999976 | Translation: 0.746152 -0.373741 0.489900
Rotation: 0.999984 0.003232 -0.004593 -0.003254 0.999983 -0.004876 0.004577 0.004891 0.999978 | Translation: 0.829224 0.929729 0.511673
Rotation: 0.999972 0.000311 -0.007438 -0.000387 0.999948 -0.010200 0.007435 0.010203 0.999920 | Translation: 1.241041 1.526371 0.354218
Rotation: 0.999973 -0.002709 -0.006867 0.002659 0.999971 -0.007196 0.006886 0.007177 0.999951 | Translation: 1.135858 0.871148 0.372785
